{
 "cells": [
  {
   "cell_type": "code",
   "execution_count": 1,
   "metadata": {},
   "outputs": [
    {
     "data": {
      "text/html": [
       "<div>\n",
       "<style scoped>\n",
       "    .dataframe tbody tr th:only-of-type {\n",
       "        vertical-align: middle;\n",
       "    }\n",
       "\n",
       "    .dataframe tbody tr th {\n",
       "        vertical-align: top;\n",
       "    }\n",
       "\n",
       "    .dataframe thead th {\n",
       "        text-align: right;\n",
       "    }\n",
       "</style>\n",
       "<table border=\"1\" class=\"dataframe\">\n",
       "  <thead>\n",
       "    <tr style=\"text-align: right;\">\n",
       "      <th></th>\n",
       "      <th>A0</th>\n",
       "      <th>A1</th>\n",
       "      <th>A2</th>\n",
       "      <th>A3</th>\n",
       "      <th>A4</th>\n",
       "      <th>A5</th>\n",
       "      <th>A6</th>\n",
       "      <th>A7</th>\n",
       "      <th>A8</th>\n",
       "      <th>A9</th>\n",
       "      <th>A10</th>\n",
       "      <th>A11</th>\n",
       "      <th>A12</th>\n",
       "      <th>A13</th>\n",
       "      <th>A14</th>\n",
       "      <th>A15</th>\n",
       "      <th>A16</th>\n",
       "      <th>A17</th>\n",
       "      <th>A18</th>\n",
       "      <th>A19</th>\n",
       "    </tr>\n",
       "  </thead>\n",
       "  <tbody>\n",
       "    <tr>\n",
       "      <th>A0</th>\n",
       "      <td>0.000000</td>\n",
       "      <td>1000.699162</td>\n",
       "      <td>359.959084</td>\n",
       "      <td>854.072689</td>\n",
       "      <td>1142.965949</td>\n",
       "      <td>1302.538798</td>\n",
       "      <td>850.890936</td>\n",
       "      <td>654.082505</td>\n",
       "      <td>758.940186</td>\n",
       "      <td>634.992940</td>\n",
       "      <td>1610.871382</td>\n",
       "      <td>1336.581014</td>\n",
       "      <td>1749.651334</td>\n",
       "      <td>986.215410</td>\n",
       "      <td>1472.368413</td>\n",
       "      <td>1049.746048</td>\n",
       "      <td>1320.094333</td>\n",
       "      <td>179.666619</td>\n",
       "      <td>571.639635</td>\n",
       "      <td>1451.458247</td>\n",
       "    </tr>\n",
       "    <tr>\n",
       "      <th>A1</th>\n",
       "      <td>1000.699162</td>\n",
       "      <td>0.000000</td>\n",
       "      <td>1525.882080</td>\n",
       "      <td>1682.859726</td>\n",
       "      <td>821.174613</td>\n",
       "      <td>1551.095735</td>\n",
       "      <td>1500.330556</td>\n",
       "      <td>548.257357</td>\n",
       "      <td>297.761965</td>\n",
       "      <td>833.050554</td>\n",
       "      <td>277.347061</td>\n",
       "      <td>1107.119253</td>\n",
       "      <td>1118.869992</td>\n",
       "      <td>1485.611418</td>\n",
       "      <td>1388.358850</td>\n",
       "      <td>1598.071250</td>\n",
       "      <td>1538.444221</td>\n",
       "      <td>1446.712520</td>\n",
       "      <td>1129.134668</td>\n",
       "      <td>1587.473122</td>\n",
       "    </tr>\n",
       "    <tr>\n",
       "      <th>A2</th>\n",
       "      <td>359.959084</td>\n",
       "      <td>1525.882080</td>\n",
       "      <td>0.000000</td>\n",
       "      <td>698.195145</td>\n",
       "      <td>957.734740</td>\n",
       "      <td>1554.905935</td>\n",
       "      <td>1386.538380</td>\n",
       "      <td>737.365112</td>\n",
       "      <td>558.279720</td>\n",
       "      <td>790.088280</td>\n",
       "      <td>422.331873</td>\n",
       "      <td>836.623847</td>\n",
       "      <td>1090.350443</td>\n",
       "      <td>1360.591968</td>\n",
       "      <td>511.594215</td>\n",
       "      <td>1012.231037</td>\n",
       "      <td>618.353843</td>\n",
       "      <td>872.459934</td>\n",
       "      <td>1397.875985</td>\n",
       "      <td>252.558572</td>\n",
       "    </tr>\n",
       "    <tr>\n",
       "      <th>A3</th>\n",
       "      <td>854.072689</td>\n",
       "      <td>1682.859726</td>\n",
       "      <td>698.195145</td>\n",
       "      <td>0.000000</td>\n",
       "      <td>1523.099859</td>\n",
       "      <td>1614.046327</td>\n",
       "      <td>1470.469415</td>\n",
       "      <td>1243.636825</td>\n",
       "      <td>1038.186784</td>\n",
       "      <td>673.251429</td>\n",
       "      <td>1487.093451</td>\n",
       "      <td>1160.385588</td>\n",
       "      <td>1135.078951</td>\n",
       "      <td>976.365613</td>\n",
       "      <td>1384.447977</td>\n",
       "      <td>1649.004603</td>\n",
       "      <td>517.229742</td>\n",
       "      <td>1803.784483</td>\n",
       "      <td>545.831199</td>\n",
       "      <td>1719.822807</td>\n",
       "    </tr>\n",
       "    <tr>\n",
       "      <th>A4</th>\n",
       "      <td>1142.965949</td>\n",
       "      <td>821.174613</td>\n",
       "      <td>957.734740</td>\n",
       "      <td>1523.099859</td>\n",
       "      <td>0.000000</td>\n",
       "      <td>1166.274302</td>\n",
       "      <td>1236.427693</td>\n",
       "      <td>650.593953</td>\n",
       "      <td>359.837233</td>\n",
       "      <td>399.669793</td>\n",
       "      <td>428.576915</td>\n",
       "      <td>960.329839</td>\n",
       "      <td>1632.928821</td>\n",
       "      <td>1125.218796</td>\n",
       "      <td>152.409806</td>\n",
       "      <td>605.061156</td>\n",
       "      <td>621.306951</td>\n",
       "      <td>1304.452642</td>\n",
       "      <td>613.796854</td>\n",
       "      <td>474.162490</td>\n",
       "    </tr>\n",
       "    <tr>\n",
       "      <th>A5</th>\n",
       "      <td>1302.538798</td>\n",
       "      <td>1551.095735</td>\n",
       "      <td>1554.905935</td>\n",
       "      <td>1614.046327</td>\n",
       "      <td>1166.274302</td>\n",
       "      <td>0.000000</td>\n",
       "      <td>1496.912093</td>\n",
       "      <td>1362.941544</td>\n",
       "      <td>275.370673</td>\n",
       "      <td>1312.534867</td>\n",
       "      <td>244.345235</td>\n",
       "      <td>1011.136250</td>\n",
       "      <td>1333.621659</td>\n",
       "      <td>1061.504321</td>\n",
       "      <td>1404.666204</td>\n",
       "      <td>803.068965</td>\n",
       "      <td>717.472782</td>\n",
       "      <td>916.512759</td>\n",
       "      <td>495.119770</td>\n",
       "      <td>762.156436</td>\n",
       "    </tr>\n",
       "    <tr>\n",
       "      <th>A6</th>\n",
       "      <td>850.890936</td>\n",
       "      <td>1500.330556</td>\n",
       "      <td>1386.538380</td>\n",
       "      <td>1470.469415</td>\n",
       "      <td>1236.427693</td>\n",
       "      <td>1496.912093</td>\n",
       "      <td>0.000000</td>\n",
       "      <td>417.348792</td>\n",
       "      <td>941.065263</td>\n",
       "      <td>1102.427986</td>\n",
       "      <td>1414.690509</td>\n",
       "      <td>436.578918</td>\n",
       "      <td>1103.233798</td>\n",
       "      <td>225.732127</td>\n",
       "      <td>670.679801</td>\n",
       "      <td>1275.046032</td>\n",
       "      <td>1785.713181</td>\n",
       "      <td>1096.873620</td>\n",
       "      <td>637.754483</td>\n",
       "      <td>1227.997577</td>\n",
       "    </tr>\n",
       "    <tr>\n",
       "      <th>A7</th>\n",
       "      <td>654.082505</td>\n",
       "      <td>548.257357</td>\n",
       "      <td>737.365112</td>\n",
       "      <td>1243.636825</td>\n",
       "      <td>650.593953</td>\n",
       "      <td>1362.941544</td>\n",
       "      <td>417.348792</td>\n",
       "      <td>0.000000</td>\n",
       "      <td>1351.434541</td>\n",
       "      <td>576.199633</td>\n",
       "      <td>1079.089858</td>\n",
       "      <td>1477.264171</td>\n",
       "      <td>630.857839</td>\n",
       "      <td>103.309615</td>\n",
       "      <td>1253.483673</td>\n",
       "      <td>841.034922</td>\n",
       "      <td>531.704109</td>\n",
       "      <td>1442.621758</td>\n",
       "      <td>1784.796201</td>\n",
       "      <td>844.428521</td>\n",
       "    </tr>\n",
       "    <tr>\n",
       "      <th>A8</th>\n",
       "      <td>758.940186</td>\n",
       "      <td>297.761965</td>\n",
       "      <td>558.279720</td>\n",
       "      <td>1038.186784</td>\n",
       "      <td>359.837233</td>\n",
       "      <td>275.370673</td>\n",
       "      <td>941.065263</td>\n",
       "      <td>1351.434541</td>\n",
       "      <td>0.000000</td>\n",
       "      <td>829.281308</td>\n",
       "      <td>1069.304738</td>\n",
       "      <td>968.655914</td>\n",
       "      <td>575.453056</td>\n",
       "      <td>1423.219501</td>\n",
       "      <td>1177.165505</td>\n",
       "      <td>831.315375</td>\n",
       "      <td>1444.440606</td>\n",
       "      <td>1242.302322</td>\n",
       "      <td>686.907594</td>\n",
       "      <td>1169.286006</td>\n",
       "    </tr>\n",
       "    <tr>\n",
       "      <th>A9</th>\n",
       "      <td>634.992940</td>\n",
       "      <td>833.050554</td>\n",
       "      <td>790.088280</td>\n",
       "      <td>673.251429</td>\n",
       "      <td>399.669793</td>\n",
       "      <td>1312.534867</td>\n",
       "      <td>1102.427986</td>\n",
       "      <td>576.199633</td>\n",
       "      <td>829.281308</td>\n",
       "      <td>0.000000</td>\n",
       "      <td>442.320653</td>\n",
       "      <td>1168.902316</td>\n",
       "      <td>922.681760</td>\n",
       "      <td>1139.644478</td>\n",
       "      <td>991.604397</td>\n",
       "      <td>717.121534</td>\n",
       "      <td>1568.430400</td>\n",
       "      <td>1634.589505</td>\n",
       "      <td>1699.125063</td>\n",
       "      <td>1436.970160</td>\n",
       "    </tr>\n",
       "    <tr>\n",
       "      <th>A10</th>\n",
       "      <td>1610.871382</td>\n",
       "      <td>277.347061</td>\n",
       "      <td>422.331873</td>\n",
       "      <td>1487.093451</td>\n",
       "      <td>428.576915</td>\n",
       "      <td>244.345235</td>\n",
       "      <td>1414.690509</td>\n",
       "      <td>1079.089858</td>\n",
       "      <td>1069.304738</td>\n",
       "      <td>442.320653</td>\n",
       "      <td>0.000000</td>\n",
       "      <td>1478.280673</td>\n",
       "      <td>1697.492930</td>\n",
       "      <td>680.949050</td>\n",
       "      <td>1462.243930</td>\n",
       "      <td>363.556032</td>\n",
       "      <td>1608.494956</td>\n",
       "      <td>709.451244</td>\n",
       "      <td>1103.599941</td>\n",
       "      <td>757.558819</td>\n",
       "    </tr>\n",
       "    <tr>\n",
       "      <th>A11</th>\n",
       "      <td>1336.581014</td>\n",
       "      <td>1107.119253</td>\n",
       "      <td>836.623847</td>\n",
       "      <td>1160.385588</td>\n",
       "      <td>960.329839</td>\n",
       "      <td>1011.136250</td>\n",
       "      <td>436.578918</td>\n",
       "      <td>1477.264171</td>\n",
       "      <td>968.655914</td>\n",
       "      <td>1168.902316</td>\n",
       "      <td>1478.280673</td>\n",
       "      <td>0.000000</td>\n",
       "      <td>1407.740896</td>\n",
       "      <td>443.652843</td>\n",
       "      <td>731.701793</td>\n",
       "      <td>886.391935</td>\n",
       "      <td>1333.749635</td>\n",
       "      <td>1015.153161</td>\n",
       "      <td>874.971477</td>\n",
       "      <td>1073.623805</td>\n",
       "    </tr>\n",
       "    <tr>\n",
       "      <th>A12</th>\n",
       "      <td>1749.651334</td>\n",
       "      <td>1118.869992</td>\n",
       "      <td>1090.350443</td>\n",
       "      <td>1135.078951</td>\n",
       "      <td>1632.928821</td>\n",
       "      <td>1333.621659</td>\n",
       "      <td>1103.233798</td>\n",
       "      <td>630.857839</td>\n",
       "      <td>575.453056</td>\n",
       "      <td>922.681760</td>\n",
       "      <td>1697.492930</td>\n",
       "      <td>1407.740896</td>\n",
       "      <td>0.000000</td>\n",
       "      <td>1004.047499</td>\n",
       "      <td>1333.074390</td>\n",
       "      <td>1549.181100</td>\n",
       "      <td>661.926460</td>\n",
       "      <td>966.660034</td>\n",
       "      <td>1274.024013</td>\n",
       "      <td>818.670266</td>\n",
       "    </tr>\n",
       "    <tr>\n",
       "      <th>A13</th>\n",
       "      <td>986.215410</td>\n",
       "      <td>1485.611418</td>\n",
       "      <td>1360.591968</td>\n",
       "      <td>976.365613</td>\n",
       "      <td>1125.218796</td>\n",
       "      <td>1061.504321</td>\n",
       "      <td>225.732127</td>\n",
       "      <td>103.309615</td>\n",
       "      <td>1423.219501</td>\n",
       "      <td>1139.644478</td>\n",
       "      <td>680.949050</td>\n",
       "      <td>443.652843</td>\n",
       "      <td>1004.047499</td>\n",
       "      <td>0.000000</td>\n",
       "      <td>1081.702721</td>\n",
       "      <td>325.856629</td>\n",
       "      <td>1071.940686</td>\n",
       "      <td>750.280553</td>\n",
       "      <td>618.414888</td>\n",
       "      <td>1149.557430</td>\n",
       "    </tr>\n",
       "    <tr>\n",
       "      <th>A14</th>\n",
       "      <td>1472.368413</td>\n",
       "      <td>1388.358850</td>\n",
       "      <td>511.594215</td>\n",
       "      <td>1384.447977</td>\n",
       "      <td>152.409806</td>\n",
       "      <td>1404.666204</td>\n",
       "      <td>670.679801</td>\n",
       "      <td>1253.483673</td>\n",
       "      <td>1177.165505</td>\n",
       "      <td>991.604397</td>\n",
       "      <td>1462.243930</td>\n",
       "      <td>731.701793</td>\n",
       "      <td>1333.074390</td>\n",
       "      <td>1081.702721</td>\n",
       "      <td>0.000000</td>\n",
       "      <td>1057.701462</td>\n",
       "      <td>1973.694852</td>\n",
       "      <td>1546.975221</td>\n",
       "      <td>964.631746</td>\n",
       "      <td>878.904676</td>\n",
       "    </tr>\n",
       "    <tr>\n",
       "      <th>A15</th>\n",
       "      <td>1049.746048</td>\n",
       "      <td>1598.071250</td>\n",
       "      <td>1012.231037</td>\n",
       "      <td>1649.004603</td>\n",
       "      <td>605.061156</td>\n",
       "      <td>803.068965</td>\n",
       "      <td>1275.046032</td>\n",
       "      <td>841.034922</td>\n",
       "      <td>831.315375</td>\n",
       "      <td>717.121534</td>\n",
       "      <td>363.556032</td>\n",
       "      <td>886.391935</td>\n",
       "      <td>1549.181100</td>\n",
       "      <td>325.856629</td>\n",
       "      <td>1057.701462</td>\n",
       "      <td>0.000000</td>\n",
       "      <td>737.358227</td>\n",
       "      <td>416.846267</td>\n",
       "      <td>214.093876</td>\n",
       "      <td>1828.057471</td>\n",
       "    </tr>\n",
       "    <tr>\n",
       "      <th>A16</th>\n",
       "      <td>1320.094333</td>\n",
       "      <td>1538.444221</td>\n",
       "      <td>618.353843</td>\n",
       "      <td>517.229742</td>\n",
       "      <td>621.306951</td>\n",
       "      <td>717.472782</td>\n",
       "      <td>1785.713181</td>\n",
       "      <td>531.704109</td>\n",
       "      <td>1444.440606</td>\n",
       "      <td>1568.430400</td>\n",
       "      <td>1608.494956</td>\n",
       "      <td>1333.749635</td>\n",
       "      <td>661.926460</td>\n",
       "      <td>1071.940686</td>\n",
       "      <td>1973.694852</td>\n",
       "      <td>737.358227</td>\n",
       "      <td>0.000000</td>\n",
       "      <td>1001.460805</td>\n",
       "      <td>417.937881</td>\n",
       "      <td>439.200586</td>\n",
       "    </tr>\n",
       "    <tr>\n",
       "      <th>A17</th>\n",
       "      <td>179.666619</td>\n",
       "      <td>1446.712520</td>\n",
       "      <td>872.459934</td>\n",
       "      <td>1803.784483</td>\n",
       "      <td>1304.452642</td>\n",
       "      <td>916.512759</td>\n",
       "      <td>1096.873620</td>\n",
       "      <td>1442.621758</td>\n",
       "      <td>1242.302322</td>\n",
       "      <td>1634.589505</td>\n",
       "      <td>709.451244</td>\n",
       "      <td>1015.153161</td>\n",
       "      <td>966.660034</td>\n",
       "      <td>750.280553</td>\n",
       "      <td>1546.975221</td>\n",
       "      <td>416.846267</td>\n",
       "      <td>1001.460805</td>\n",
       "      <td>0.000000</td>\n",
       "      <td>235.858629</td>\n",
       "      <td>957.716005</td>\n",
       "    </tr>\n",
       "    <tr>\n",
       "      <th>A18</th>\n",
       "      <td>571.639635</td>\n",
       "      <td>1129.134668</td>\n",
       "      <td>1397.875985</td>\n",
       "      <td>545.831199</td>\n",
       "      <td>613.796854</td>\n",
       "      <td>495.119770</td>\n",
       "      <td>637.754483</td>\n",
       "      <td>1784.796201</td>\n",
       "      <td>686.907594</td>\n",
       "      <td>1699.125063</td>\n",
       "      <td>1103.599941</td>\n",
       "      <td>874.971477</td>\n",
       "      <td>1274.024013</td>\n",
       "      <td>618.414888</td>\n",
       "      <td>964.631746</td>\n",
       "      <td>214.093876</td>\n",
       "      <td>417.937881</td>\n",
       "      <td>235.858629</td>\n",
       "      <td>0.000000</td>\n",
       "      <td>811.686371</td>\n",
       "    </tr>\n",
       "    <tr>\n",
       "      <th>A19</th>\n",
       "      <td>1451.458247</td>\n",
       "      <td>1587.473122</td>\n",
       "      <td>252.558572</td>\n",
       "      <td>1719.822807</td>\n",
       "      <td>474.162490</td>\n",
       "      <td>762.156436</td>\n",
       "      <td>1227.997577</td>\n",
       "      <td>844.428521</td>\n",
       "      <td>1169.286006</td>\n",
       "      <td>1436.970160</td>\n",
       "      <td>757.558819</td>\n",
       "      <td>1073.623805</td>\n",
       "      <td>818.670266</td>\n",
       "      <td>1149.557430</td>\n",
       "      <td>878.904676</td>\n",
       "      <td>1828.057471</td>\n",
       "      <td>439.200586</td>\n",
       "      <td>957.716005</td>\n",
       "      <td>811.686371</td>\n",
       "      <td>0.000000</td>\n",
       "    </tr>\n",
       "  </tbody>\n",
       "</table>\n",
       "</div>"
      ],
      "text/plain": [
       "              A0           A1           A2           A3           A4  \\\n",
       "A0      0.000000  1000.699162   359.959084   854.072689  1142.965949   \n",
       "A1   1000.699162     0.000000  1525.882080  1682.859726   821.174613   \n",
       "A2    359.959084  1525.882080     0.000000   698.195145   957.734740   \n",
       "A3    854.072689  1682.859726   698.195145     0.000000  1523.099859   \n",
       "A4   1142.965949   821.174613   957.734740  1523.099859     0.000000   \n",
       "A5   1302.538798  1551.095735  1554.905935  1614.046327  1166.274302   \n",
       "A6    850.890936  1500.330556  1386.538380  1470.469415  1236.427693   \n",
       "A7    654.082505   548.257357   737.365112  1243.636825   650.593953   \n",
       "A8    758.940186   297.761965   558.279720  1038.186784   359.837233   \n",
       "A9    634.992940   833.050554   790.088280   673.251429   399.669793   \n",
       "A10  1610.871382   277.347061   422.331873  1487.093451   428.576915   \n",
       "A11  1336.581014  1107.119253   836.623847  1160.385588   960.329839   \n",
       "A12  1749.651334  1118.869992  1090.350443  1135.078951  1632.928821   \n",
       "A13   986.215410  1485.611418  1360.591968   976.365613  1125.218796   \n",
       "A14  1472.368413  1388.358850   511.594215  1384.447977   152.409806   \n",
       "A15  1049.746048  1598.071250  1012.231037  1649.004603   605.061156   \n",
       "A16  1320.094333  1538.444221   618.353843   517.229742   621.306951   \n",
       "A17   179.666619  1446.712520   872.459934  1803.784483  1304.452642   \n",
       "A18   571.639635  1129.134668  1397.875985   545.831199   613.796854   \n",
       "A19  1451.458247  1587.473122   252.558572  1719.822807   474.162490   \n",
       "\n",
       "              A5           A6           A7           A8           A9  \\\n",
       "A0   1302.538798   850.890936   654.082505   758.940186   634.992940   \n",
       "A1   1551.095735  1500.330556   548.257357   297.761965   833.050554   \n",
       "A2   1554.905935  1386.538380   737.365112   558.279720   790.088280   \n",
       "A3   1614.046327  1470.469415  1243.636825  1038.186784   673.251429   \n",
       "A4   1166.274302  1236.427693   650.593953   359.837233   399.669793   \n",
       "A5      0.000000  1496.912093  1362.941544   275.370673  1312.534867   \n",
       "A6   1496.912093     0.000000   417.348792   941.065263  1102.427986   \n",
       "A7   1362.941544   417.348792     0.000000  1351.434541   576.199633   \n",
       "A8    275.370673   941.065263  1351.434541     0.000000   829.281308   \n",
       "A9   1312.534867  1102.427986   576.199633   829.281308     0.000000   \n",
       "A10   244.345235  1414.690509  1079.089858  1069.304738   442.320653   \n",
       "A11  1011.136250   436.578918  1477.264171   968.655914  1168.902316   \n",
       "A12  1333.621659  1103.233798   630.857839   575.453056   922.681760   \n",
       "A13  1061.504321   225.732127   103.309615  1423.219501  1139.644478   \n",
       "A14  1404.666204   670.679801  1253.483673  1177.165505   991.604397   \n",
       "A15   803.068965  1275.046032   841.034922   831.315375   717.121534   \n",
       "A16   717.472782  1785.713181   531.704109  1444.440606  1568.430400   \n",
       "A17   916.512759  1096.873620  1442.621758  1242.302322  1634.589505   \n",
       "A18   495.119770   637.754483  1784.796201   686.907594  1699.125063   \n",
       "A19   762.156436  1227.997577   844.428521  1169.286006  1436.970160   \n",
       "\n",
       "             A10          A11          A12          A13          A14  \\\n",
       "A0   1610.871382  1336.581014  1749.651334   986.215410  1472.368413   \n",
       "A1    277.347061  1107.119253  1118.869992  1485.611418  1388.358850   \n",
       "A2    422.331873   836.623847  1090.350443  1360.591968   511.594215   \n",
       "A3   1487.093451  1160.385588  1135.078951   976.365613  1384.447977   \n",
       "A4    428.576915   960.329839  1632.928821  1125.218796   152.409806   \n",
       "A5    244.345235  1011.136250  1333.621659  1061.504321  1404.666204   \n",
       "A6   1414.690509   436.578918  1103.233798   225.732127   670.679801   \n",
       "A7   1079.089858  1477.264171   630.857839   103.309615  1253.483673   \n",
       "A8   1069.304738   968.655914   575.453056  1423.219501  1177.165505   \n",
       "A9    442.320653  1168.902316   922.681760  1139.644478   991.604397   \n",
       "A10     0.000000  1478.280673  1697.492930   680.949050  1462.243930   \n",
       "A11  1478.280673     0.000000  1407.740896   443.652843   731.701793   \n",
       "A12  1697.492930  1407.740896     0.000000  1004.047499  1333.074390   \n",
       "A13   680.949050   443.652843  1004.047499     0.000000  1081.702721   \n",
       "A14  1462.243930   731.701793  1333.074390  1081.702721     0.000000   \n",
       "A15   363.556032   886.391935  1549.181100   325.856629  1057.701462   \n",
       "A16  1608.494956  1333.749635   661.926460  1071.940686  1973.694852   \n",
       "A17   709.451244  1015.153161   966.660034   750.280553  1546.975221   \n",
       "A18  1103.599941   874.971477  1274.024013   618.414888   964.631746   \n",
       "A19   757.558819  1073.623805   818.670266  1149.557430   878.904676   \n",
       "\n",
       "             A15          A16          A17          A18          A19  \n",
       "A0   1049.746048  1320.094333   179.666619   571.639635  1451.458247  \n",
       "A1   1598.071250  1538.444221  1446.712520  1129.134668  1587.473122  \n",
       "A2   1012.231037   618.353843   872.459934  1397.875985   252.558572  \n",
       "A3   1649.004603   517.229742  1803.784483   545.831199  1719.822807  \n",
       "A4    605.061156   621.306951  1304.452642   613.796854   474.162490  \n",
       "A5    803.068965   717.472782   916.512759   495.119770   762.156436  \n",
       "A6   1275.046032  1785.713181  1096.873620   637.754483  1227.997577  \n",
       "A7    841.034922   531.704109  1442.621758  1784.796201   844.428521  \n",
       "A8    831.315375  1444.440606  1242.302322   686.907594  1169.286006  \n",
       "A9    717.121534  1568.430400  1634.589505  1699.125063  1436.970160  \n",
       "A10   363.556032  1608.494956   709.451244  1103.599941   757.558819  \n",
       "A11   886.391935  1333.749635  1015.153161   874.971477  1073.623805  \n",
       "A12  1549.181100   661.926460   966.660034  1274.024013   818.670266  \n",
       "A13   325.856629  1071.940686   750.280553   618.414888  1149.557430  \n",
       "A14  1057.701462  1973.694852  1546.975221   964.631746   878.904676  \n",
       "A15     0.000000   737.358227   416.846267   214.093876  1828.057471  \n",
       "A16   737.358227     0.000000  1001.460805   417.937881   439.200586  \n",
       "A17   416.846267  1001.460805     0.000000   235.858629   957.716005  \n",
       "A18   214.093876   417.937881   235.858629     0.000000   811.686371  \n",
       "A19  1828.057471   439.200586   957.716005   811.686371     0.000000  "
      ]
     },
     "execution_count": 1,
     "metadata": {},
     "output_type": "execute_result"
    }
   ],
   "source": [
    "import pandas as pd\n",
    "from itertools import combinations\n",
    "import numpy as np\n",
    "\n",
    "recommended_tour = np.array(['A2', 'A3', 'A4', 'A5', 'A12', 'A18'])\n",
    "index = np.array(['A0', 'A1', 'A2', 'A3', 'A4', 'A5', 'A6', 'A7', 'A8', 'A9', 'A10', 'A11', 'A12', 'A13', 'A14', 'A15', 'A16', 'A17', 'A18', 'A19'])\n",
    "\n",
    "data = np.random.rand(20, 20)*1000\n",
    "df_dist = pd.DataFrame(data = data, index = index, columns = index)\n",
    "df_dist = df_dist+df_dist.T\n",
    "for i in df_dist.index:\n",
    "    df_dist.loc[i, i] = 0\n",
    "    \n",
    "df_dist"
   ]
  },
  {
   "cell_type": "code",
   "execution_count": 14,
   "metadata": {
    "scrolled": true
   },
   "outputs": [],
   "source": [
    "graph = {}\n",
    "\n",
    "for tour in recommended_tour:\n",
    "    graph[tour] = {}\n",
    "    \n",
    "for comb in combinations(recommended_tour, 2):\n",
    "    graph[comb[0]].update({comb[1]:df_dist.loc[comb[0], comb[1]]})"
   ]
  },
  {
   "cell_type": "code",
   "execution_count": 15,
   "metadata": {},
   "outputs": [
    {
     "data": {
      "text/plain": [
       "{'A2': {'A3': 698.1951447075052,\n",
       "  'A4': 957.7347397278933,\n",
       "  'A5': 1554.90593534341,\n",
       "  'A12': 1090.3504432034324,\n",
       "  'A18': 1397.8759853770125},\n",
       " 'A3': {'A4': 1523.099859198501,\n",
       "  'A5': 1614.0463274408523,\n",
       "  'A12': 1135.0789511920293,\n",
       "  'A18': 545.8311985874736},\n",
       " 'A4': {'A5': 1166.274301511617,\n",
       "  'A12': 1632.9288210163531,\n",
       "  'A18': 613.7968544770308},\n",
       " 'A5': {'A12': 1333.6216592979179, 'A18': 495.1197695453291},\n",
       " 'A12': {'A18': 1274.0240128745686},\n",
       " 'A18': {}}"
      ]
     },
     "execution_count": 15,
     "metadata": {},
     "output_type": "execute_result"
    }
   ],
   "source": [
    "graph"
   ]
  },
  {
   "cell_type": "code",
   "execution_count": 63,
   "metadata": {},
   "outputs": [],
   "source": [
    "# graph = {\n",
    "#     'A': {'B': 8, 'C': 1, 'D': 2},\n",
    "#     'B': {},\n",
    "#     'C': {'B': 5, 'D': 2},\n",
    "#     'D': {'E': 3, 'F': 5},\n",
    "#     'E': {'F': 1},\n",
    "#     'F': {'A': 5}\n",
    "# }"
   ]
  },
  {
   "cell_type": "code",
   "execution_count": 16,
   "metadata": {},
   "outputs": [],
   "source": [
    "# https://justkode.kr/algorithm/python-dijkstra\n",
    "\n",
    "import heapq  # 우선순위 큐 구현을 위함\n",
    "\n",
    "def dijkstra(graph, start):\n",
    "  distances = {node: float('inf') for node in graph}  # start로 부터의 거리 값을 저장하기 위함\n",
    "  distances[start] = 0  # 시작 값은 0이어야 함\n",
    "  queue = []\n",
    "  heapq.heappush(queue, [distances[start], start])  # 시작 노드부터 탐색 시작 하기 위함.\n",
    "\n",
    "  while queue:  # queue에 남아 있는 노드가 없으면 끝\n",
    "    current_distance, current_destination = heapq.heappop(queue)  # 탐색 할 노드, 거리를 가져옴.\n",
    "\n",
    "    if distances[current_destination] < current_distance:  # 기존에 있는 거리보다 길다면, 볼 필요도 없음\n",
    "      continue\n",
    "    \n",
    "    for new_destination, new_distance in graph[current_destination].items():\n",
    "      distance = current_distance + new_distance  # 해당 노드를 거쳐 갈 때 거리\n",
    "      if distance < distances[new_destination]:  # 알고 있는 거리 보다 작으면 갱신\n",
    "        distances[new_destination] = distance\n",
    "        heapq.heappush(queue, [distance, new_destination])  # 다음 인접 거리를 계산 하기 위해 큐에 삽입\n",
    "    \n",
    "  return distances"
   ]
  },
  {
   "cell_type": "code",
   "execution_count": 20,
   "metadata": {},
   "outputs": [
    {
     "name": "stdout",
     "output_type": "stream",
     "text": [
      "{'A2': 0, 'A3': 698.1951447075052, 'A4': 957.7347397278933, 'A5': 1554.90593534341, 'A12': 1090.3504432034324, 'A18': 1244.0263432949787}\n"
     ]
    }
   ],
   "source": [
    "print(dijkstra(graph,'A2'))"
   ]
  }
 ],
 "metadata": {
  "kernelspec": {
   "display_name": "Python 3",
   "language": "python",
   "name": "python3"
  },
  "language_info": {
   "codemirror_mode": {
    "name": "ipython",
    "version": 3
   },
   "file_extension": ".py",
   "mimetype": "text/x-python",
   "name": "python",
   "nbconvert_exporter": "python",
   "pygments_lexer": "ipython3",
   "version": "3.9.13"
  },
  "toc": {
   "base_numbering": 1,
   "nav_menu": {},
   "number_sections": true,
   "sideBar": true,
   "skip_h1_title": false,
   "title_cell": "Table of Contents",
   "title_sidebar": "Contents",
   "toc_cell": false,
   "toc_position": {},
   "toc_section_display": true,
   "toc_window_display": false
  },
  "vscode": {
   "interpreter": {
    "hash": "aee8b7b246df8f9039afb4144a1f6fd8d2ca17a180786b69acc140d282b71a49"
   }
  }
 },
 "nbformat": 4,
 "nbformat_minor": 2
}
