{
 "cells": [
  {
   "cell_type": "code",
   "execution_count": 5,
   "metadata": {},
   "outputs": [
    {
     "data": {
      "text/html": [
       "<div>\n",
       "<style scoped>\n",
       "    .dataframe tbody tr th:only-of-type {\n",
       "        vertical-align: middle;\n",
       "    }\n",
       "\n",
       "    .dataframe tbody tr th {\n",
       "        vertical-align: top;\n",
       "    }\n",
       "\n",
       "    .dataframe thead th {\n",
       "        text-align: right;\n",
       "    }\n",
       "</style>\n",
       "<table border=\"1\" class=\"dataframe\">\n",
       "  <thead>\n",
       "    <tr style=\"text-align: right;\">\n",
       "      <th></th>\n",
       "      <th>A0</th>\n",
       "      <th>A1</th>\n",
       "      <th>A2</th>\n",
       "      <th>A3</th>\n",
       "      <th>A4</th>\n",
       "      <th>A5</th>\n",
       "      <th>A6</th>\n",
       "      <th>A7</th>\n",
       "      <th>A8</th>\n",
       "      <th>A9</th>\n",
       "      <th>A10</th>\n",
       "      <th>A11</th>\n",
       "      <th>A12</th>\n",
       "      <th>A13</th>\n",
       "      <th>A14</th>\n",
       "      <th>A15</th>\n",
       "      <th>A16</th>\n",
       "      <th>A17</th>\n",
       "      <th>A18</th>\n",
       "      <th>A19</th>\n",
       "    </tr>\n",
       "  </thead>\n",
       "  <tbody>\n",
       "    <tr>\n",
       "      <th>A0</th>\n",
       "      <td>0.000000</td>\n",
       "      <td>1541.077320</td>\n",
       "      <td>1261.915463</td>\n",
       "      <td>1003.587340</td>\n",
       "      <td>602.305231</td>\n",
       "      <td>778.824882</td>\n",
       "      <td>1374.659153</td>\n",
       "      <td>969.070126</td>\n",
       "      <td>962.088390</td>\n",
       "      <td>278.131894</td>\n",
       "      <td>760.553140</td>\n",
       "      <td>348.403461</td>\n",
       "      <td>665.909114</td>\n",
       "      <td>1276.428305</td>\n",
       "      <td>885.562023</td>\n",
       "      <td>656.455811</td>\n",
       "      <td>533.827892</td>\n",
       "      <td>1134.991463</td>\n",
       "      <td>661.511481</td>\n",
       "      <td>268.045366</td>\n",
       "    </tr>\n",
       "    <tr>\n",
       "      <th>A1</th>\n",
       "      <td>1541.077320</td>\n",
       "      <td>0.000000</td>\n",
       "      <td>497.284452</td>\n",
       "      <td>1575.124071</td>\n",
       "      <td>761.362071</td>\n",
       "      <td>916.769282</td>\n",
       "      <td>1375.102612</td>\n",
       "      <td>1087.123399</td>\n",
       "      <td>1326.606981</td>\n",
       "      <td>403.156551</td>\n",
       "      <td>1059.982443</td>\n",
       "      <td>1000.237033</td>\n",
       "      <td>1756.986127</td>\n",
       "      <td>982.714483</td>\n",
       "      <td>923.328028</td>\n",
       "      <td>933.006765</td>\n",
       "      <td>1343.792090</td>\n",
       "      <td>1033.176695</td>\n",
       "      <td>1225.012998</td>\n",
       "      <td>1842.868211</td>\n",
       "    </tr>\n",
       "    <tr>\n",
       "      <th>A2</th>\n",
       "      <td>1261.915463</td>\n",
       "      <td>497.284452</td>\n",
       "      <td>0.000000</td>\n",
       "      <td>1192.452007</td>\n",
       "      <td>692.613100</td>\n",
       "      <td>1460.192545</td>\n",
       "      <td>1582.323846</td>\n",
       "      <td>1430.490843</td>\n",
       "      <td>629.983333</td>\n",
       "      <td>1635.081776</td>\n",
       "      <td>1188.472875</td>\n",
       "      <td>1806.799975</td>\n",
       "      <td>1248.320830</td>\n",
       "      <td>1020.101644</td>\n",
       "      <td>80.064691</td>\n",
       "      <td>752.845587</td>\n",
       "      <td>1415.125554</td>\n",
       "      <td>1559.286075</td>\n",
       "      <td>1033.384378</td>\n",
       "      <td>275.355865</td>\n",
       "    </tr>\n",
       "    <tr>\n",
       "      <th>A3</th>\n",
       "      <td>1003.587340</td>\n",
       "      <td>1575.124071</td>\n",
       "      <td>1192.452007</td>\n",
       "      <td>0.000000</td>\n",
       "      <td>1205.598137</td>\n",
       "      <td>1628.357717</td>\n",
       "      <td>1148.039532</td>\n",
       "      <td>1138.161504</td>\n",
       "      <td>578.010799</td>\n",
       "      <td>981.583489</td>\n",
       "      <td>1609.564918</td>\n",
       "      <td>422.651454</td>\n",
       "      <td>941.746314</td>\n",
       "      <td>1438.702282</td>\n",
       "      <td>863.054354</td>\n",
       "      <td>909.149220</td>\n",
       "      <td>706.796540</td>\n",
       "      <td>1046.705050</td>\n",
       "      <td>1024.323285</td>\n",
       "      <td>1766.982481</td>\n",
       "    </tr>\n",
       "    <tr>\n",
       "      <th>A4</th>\n",
       "      <td>602.305231</td>\n",
       "      <td>761.362071</td>\n",
       "      <td>692.613100</td>\n",
       "      <td>1205.598137</td>\n",
       "      <td>0.000000</td>\n",
       "      <td>1937.616023</td>\n",
       "      <td>437.799702</td>\n",
       "      <td>608.150373</td>\n",
       "      <td>1818.763050</td>\n",
       "      <td>1573.732213</td>\n",
       "      <td>1435.751081</td>\n",
       "      <td>982.007804</td>\n",
       "      <td>1587.716938</td>\n",
       "      <td>483.605189</td>\n",
       "      <td>1342.737875</td>\n",
       "      <td>14.387479</td>\n",
       "      <td>1577.245188</td>\n",
       "      <td>1384.883996</td>\n",
       "      <td>1802.464249</td>\n",
       "      <td>1355.096394</td>\n",
       "    </tr>\n",
       "    <tr>\n",
       "      <th>A5</th>\n",
       "      <td>778.824882</td>\n",
       "      <td>916.769282</td>\n",
       "      <td>1460.192545</td>\n",
       "      <td>1628.357717</td>\n",
       "      <td>1937.616023</td>\n",
       "      <td>0.000000</td>\n",
       "      <td>1415.993988</td>\n",
       "      <td>622.073557</td>\n",
       "      <td>1625.192175</td>\n",
       "      <td>1053.507686</td>\n",
       "      <td>414.257526</td>\n",
       "      <td>1359.568934</td>\n",
       "      <td>799.041189</td>\n",
       "      <td>197.811457</td>\n",
       "      <td>476.735396</td>\n",
       "      <td>1593.457298</td>\n",
       "      <td>1499.105096</td>\n",
       "      <td>480.641378</td>\n",
       "      <td>734.145645</td>\n",
       "      <td>871.565517</td>\n",
       "    </tr>\n",
       "    <tr>\n",
       "      <th>A6</th>\n",
       "      <td>1374.659153</td>\n",
       "      <td>1375.102612</td>\n",
       "      <td>1582.323846</td>\n",
       "      <td>1148.039532</td>\n",
       "      <td>437.799702</td>\n",
       "      <td>1415.993988</td>\n",
       "      <td>0.000000</td>\n",
       "      <td>785.328135</td>\n",
       "      <td>964.618650</td>\n",
       "      <td>1514.364887</td>\n",
       "      <td>1788.171089</td>\n",
       "      <td>1035.141855</td>\n",
       "      <td>1229.659708</td>\n",
       "      <td>590.640883</td>\n",
       "      <td>992.174503</td>\n",
       "      <td>1413.456675</td>\n",
       "      <td>694.784242</td>\n",
       "      <td>1253.437649</td>\n",
       "      <td>1255.330263</td>\n",
       "      <td>1792.186672</td>\n",
       "    </tr>\n",
       "    <tr>\n",
       "      <th>A7</th>\n",
       "      <td>969.070126</td>\n",
       "      <td>1087.123399</td>\n",
       "      <td>1430.490843</td>\n",
       "      <td>1138.161504</td>\n",
       "      <td>608.150373</td>\n",
       "      <td>622.073557</td>\n",
       "      <td>785.328135</td>\n",
       "      <td>0.000000</td>\n",
       "      <td>477.795032</td>\n",
       "      <td>1674.182292</td>\n",
       "      <td>767.296288</td>\n",
       "      <td>1357.628439</td>\n",
       "      <td>152.141741</td>\n",
       "      <td>622.154924</td>\n",
       "      <td>684.684737</td>\n",
       "      <td>1462.803609</td>\n",
       "      <td>890.017017</td>\n",
       "      <td>1309.398741</td>\n",
       "      <td>399.236027</td>\n",
       "      <td>753.114498</td>\n",
       "    </tr>\n",
       "    <tr>\n",
       "      <th>A8</th>\n",
       "      <td>962.088390</td>\n",
       "      <td>1326.606981</td>\n",
       "      <td>629.983333</td>\n",
       "      <td>578.010799</td>\n",
       "      <td>1818.763050</td>\n",
       "      <td>1625.192175</td>\n",
       "      <td>964.618650</td>\n",
       "      <td>477.795032</td>\n",
       "      <td>0.000000</td>\n",
       "      <td>1266.708240</td>\n",
       "      <td>1785.653654</td>\n",
       "      <td>1459.972913</td>\n",
       "      <td>1121.581398</td>\n",
       "      <td>393.242080</td>\n",
       "      <td>796.426551</td>\n",
       "      <td>1593.928467</td>\n",
       "      <td>1874.948981</td>\n",
       "      <td>1061.103760</td>\n",
       "      <td>1586.486400</td>\n",
       "      <td>532.513254</td>\n",
       "    </tr>\n",
       "    <tr>\n",
       "      <th>A9</th>\n",
       "      <td>278.131894</td>\n",
       "      <td>403.156551</td>\n",
       "      <td>1635.081776</td>\n",
       "      <td>981.583489</td>\n",
       "      <td>1573.732213</td>\n",
       "      <td>1053.507686</td>\n",
       "      <td>1514.364887</td>\n",
       "      <td>1674.182292</td>\n",
       "      <td>1266.708240</td>\n",
       "      <td>0.000000</td>\n",
       "      <td>1665.673545</td>\n",
       "      <td>1000.882685</td>\n",
       "      <td>157.129235</td>\n",
       "      <td>599.988607</td>\n",
       "      <td>644.025029</td>\n",
       "      <td>1179.206512</td>\n",
       "      <td>848.052814</td>\n",
       "      <td>912.327407</td>\n",
       "      <td>905.692547</td>\n",
       "      <td>1077.355122</td>\n",
       "    </tr>\n",
       "    <tr>\n",
       "      <th>A10</th>\n",
       "      <td>760.553140</td>\n",
       "      <td>1059.982443</td>\n",
       "      <td>1188.472875</td>\n",
       "      <td>1609.564918</td>\n",
       "      <td>1435.751081</td>\n",
       "      <td>414.257526</td>\n",
       "      <td>1788.171089</td>\n",
       "      <td>767.296288</td>\n",
       "      <td>1785.653654</td>\n",
       "      <td>1665.673545</td>\n",
       "      <td>0.000000</td>\n",
       "      <td>987.713946</td>\n",
       "      <td>942.993472</td>\n",
       "      <td>1072.514284</td>\n",
       "      <td>1412.495692</td>\n",
       "      <td>1847.285615</td>\n",
       "      <td>342.017035</td>\n",
       "      <td>1180.871397</td>\n",
       "      <td>1474.826666</td>\n",
       "      <td>1020.284362</td>\n",
       "    </tr>\n",
       "    <tr>\n",
       "      <th>A11</th>\n",
       "      <td>348.403461</td>\n",
       "      <td>1000.237033</td>\n",
       "      <td>1806.799975</td>\n",
       "      <td>422.651454</td>\n",
       "      <td>982.007804</td>\n",
       "      <td>1359.568934</td>\n",
       "      <td>1035.141855</td>\n",
       "      <td>1357.628439</td>\n",
       "      <td>1459.972913</td>\n",
       "      <td>1000.882685</td>\n",
       "      <td>987.713946</td>\n",
       "      <td>0.000000</td>\n",
       "      <td>513.268882</td>\n",
       "      <td>1033.620930</td>\n",
       "      <td>1342.103736</td>\n",
       "      <td>1514.575827</td>\n",
       "      <td>962.568961</td>\n",
       "      <td>1379.365128</td>\n",
       "      <td>1300.455963</td>\n",
       "      <td>787.949387</td>\n",
       "    </tr>\n",
       "    <tr>\n",
       "      <th>A12</th>\n",
       "      <td>665.909114</td>\n",
       "      <td>1756.986127</td>\n",
       "      <td>1248.320830</td>\n",
       "      <td>941.746314</td>\n",
       "      <td>1587.716938</td>\n",
       "      <td>799.041189</td>\n",
       "      <td>1229.659708</td>\n",
       "      <td>152.141741</td>\n",
       "      <td>1121.581398</td>\n",
       "      <td>157.129235</td>\n",
       "      <td>942.993472</td>\n",
       "      <td>513.268882</td>\n",
       "      <td>0.000000</td>\n",
       "      <td>1130.600478</td>\n",
       "      <td>1183.396259</td>\n",
       "      <td>317.245802</td>\n",
       "      <td>398.430455</td>\n",
       "      <td>1812.126765</td>\n",
       "      <td>873.049481</td>\n",
       "      <td>658.670775</td>\n",
       "    </tr>\n",
       "    <tr>\n",
       "      <th>A13</th>\n",
       "      <td>1276.428305</td>\n",
       "      <td>982.714483</td>\n",
       "      <td>1020.101644</td>\n",
       "      <td>1438.702282</td>\n",
       "      <td>483.605189</td>\n",
       "      <td>197.811457</td>\n",
       "      <td>590.640883</td>\n",
       "      <td>622.154924</td>\n",
       "      <td>393.242080</td>\n",
       "      <td>599.988607</td>\n",
       "      <td>1072.514284</td>\n",
       "      <td>1033.620930</td>\n",
       "      <td>1130.600478</td>\n",
       "      <td>0.000000</td>\n",
       "      <td>1562.879304</td>\n",
       "      <td>829.643308</td>\n",
       "      <td>1146.330200</td>\n",
       "      <td>898.212510</td>\n",
       "      <td>1018.260361</td>\n",
       "      <td>737.946046</td>\n",
       "    </tr>\n",
       "    <tr>\n",
       "      <th>A14</th>\n",
       "      <td>885.562023</td>\n",
       "      <td>923.328028</td>\n",
       "      <td>80.064691</td>\n",
       "      <td>863.054354</td>\n",
       "      <td>1342.737875</td>\n",
       "      <td>476.735396</td>\n",
       "      <td>992.174503</td>\n",
       "      <td>684.684737</td>\n",
       "      <td>796.426551</td>\n",
       "      <td>644.025029</td>\n",
       "      <td>1412.495692</td>\n",
       "      <td>1342.103736</td>\n",
       "      <td>1183.396259</td>\n",
       "      <td>1562.879304</td>\n",
       "      <td>0.000000</td>\n",
       "      <td>267.278670</td>\n",
       "      <td>1110.084949</td>\n",
       "      <td>495.407107</td>\n",
       "      <td>976.539179</td>\n",
       "      <td>757.158356</td>\n",
       "    </tr>\n",
       "    <tr>\n",
       "      <th>A15</th>\n",
       "      <td>656.455811</td>\n",
       "      <td>933.006765</td>\n",
       "      <td>752.845587</td>\n",
       "      <td>909.149220</td>\n",
       "      <td>14.387479</td>\n",
       "      <td>1593.457298</td>\n",
       "      <td>1413.456675</td>\n",
       "      <td>1462.803609</td>\n",
       "      <td>1593.928467</td>\n",
       "      <td>1179.206512</td>\n",
       "      <td>1847.285615</td>\n",
       "      <td>1514.575827</td>\n",
       "      <td>317.245802</td>\n",
       "      <td>829.643308</td>\n",
       "      <td>267.278670</td>\n",
       "      <td>0.000000</td>\n",
       "      <td>1581.136426</td>\n",
       "      <td>1554.866941</td>\n",
       "      <td>1047.177172</td>\n",
       "      <td>490.257291</td>\n",
       "    </tr>\n",
       "    <tr>\n",
       "      <th>A16</th>\n",
       "      <td>533.827892</td>\n",
       "      <td>1343.792090</td>\n",
       "      <td>1415.125554</td>\n",
       "      <td>706.796540</td>\n",
       "      <td>1577.245188</td>\n",
       "      <td>1499.105096</td>\n",
       "      <td>694.784242</td>\n",
       "      <td>890.017017</td>\n",
       "      <td>1874.948981</td>\n",
       "      <td>848.052814</td>\n",
       "      <td>342.017035</td>\n",
       "      <td>962.568961</td>\n",
       "      <td>398.430455</td>\n",
       "      <td>1146.330200</td>\n",
       "      <td>1110.084949</td>\n",
       "      <td>1581.136426</td>\n",
       "      <td>0.000000</td>\n",
       "      <td>498.529854</td>\n",
       "      <td>769.873625</td>\n",
       "      <td>1701.854787</td>\n",
       "    </tr>\n",
       "    <tr>\n",
       "      <th>A17</th>\n",
       "      <td>1134.991463</td>\n",
       "      <td>1033.176695</td>\n",
       "      <td>1559.286075</td>\n",
       "      <td>1046.705050</td>\n",
       "      <td>1384.883996</td>\n",
       "      <td>480.641378</td>\n",
       "      <td>1253.437649</td>\n",
       "      <td>1309.398741</td>\n",
       "      <td>1061.103760</td>\n",
       "      <td>912.327407</td>\n",
       "      <td>1180.871397</td>\n",
       "      <td>1379.365128</td>\n",
       "      <td>1812.126765</td>\n",
       "      <td>898.212510</td>\n",
       "      <td>495.407107</td>\n",
       "      <td>1554.866941</td>\n",
       "      <td>498.529854</td>\n",
       "      <td>0.000000</td>\n",
       "      <td>752.492046</td>\n",
       "      <td>1464.192208</td>\n",
       "    </tr>\n",
       "    <tr>\n",
       "      <th>A18</th>\n",
       "      <td>661.511481</td>\n",
       "      <td>1225.012998</td>\n",
       "      <td>1033.384378</td>\n",
       "      <td>1024.323285</td>\n",
       "      <td>1802.464249</td>\n",
       "      <td>734.145645</td>\n",
       "      <td>1255.330263</td>\n",
       "      <td>399.236027</td>\n",
       "      <td>1586.486400</td>\n",
       "      <td>905.692547</td>\n",
       "      <td>1474.826666</td>\n",
       "      <td>1300.455963</td>\n",
       "      <td>873.049481</td>\n",
       "      <td>1018.260361</td>\n",
       "      <td>976.539179</td>\n",
       "      <td>1047.177172</td>\n",
       "      <td>769.873625</td>\n",
       "      <td>752.492046</td>\n",
       "      <td>0.000000</td>\n",
       "      <td>946.268001</td>\n",
       "    </tr>\n",
       "    <tr>\n",
       "      <th>A19</th>\n",
       "      <td>268.045366</td>\n",
       "      <td>1842.868211</td>\n",
       "      <td>275.355865</td>\n",
       "      <td>1766.982481</td>\n",
       "      <td>1355.096394</td>\n",
       "      <td>871.565517</td>\n",
       "      <td>1792.186672</td>\n",
       "      <td>753.114498</td>\n",
       "      <td>532.513254</td>\n",
       "      <td>1077.355122</td>\n",
       "      <td>1020.284362</td>\n",
       "      <td>787.949387</td>\n",
       "      <td>658.670775</td>\n",
       "      <td>737.946046</td>\n",
       "      <td>757.158356</td>\n",
       "      <td>490.257291</td>\n",
       "      <td>1701.854787</td>\n",
       "      <td>1464.192208</td>\n",
       "      <td>946.268001</td>\n",
       "      <td>0.000000</td>\n",
       "    </tr>\n",
       "  </tbody>\n",
       "</table>\n",
       "</div>"
      ],
      "text/plain": [
       "              A0           A1           A2           A3           A4  \\\n",
       "A0      0.000000  1541.077320  1261.915463  1003.587340   602.305231   \n",
       "A1   1541.077320     0.000000   497.284452  1575.124071   761.362071   \n",
       "A2   1261.915463   497.284452     0.000000  1192.452007   692.613100   \n",
       "A3   1003.587340  1575.124071  1192.452007     0.000000  1205.598137   \n",
       "A4    602.305231   761.362071   692.613100  1205.598137     0.000000   \n",
       "A5    778.824882   916.769282  1460.192545  1628.357717  1937.616023   \n",
       "A6   1374.659153  1375.102612  1582.323846  1148.039532   437.799702   \n",
       "A7    969.070126  1087.123399  1430.490843  1138.161504   608.150373   \n",
       "A8    962.088390  1326.606981   629.983333   578.010799  1818.763050   \n",
       "A9    278.131894   403.156551  1635.081776   981.583489  1573.732213   \n",
       "A10   760.553140  1059.982443  1188.472875  1609.564918  1435.751081   \n",
       "A11   348.403461  1000.237033  1806.799975   422.651454   982.007804   \n",
       "A12   665.909114  1756.986127  1248.320830   941.746314  1587.716938   \n",
       "A13  1276.428305   982.714483  1020.101644  1438.702282   483.605189   \n",
       "A14   885.562023   923.328028    80.064691   863.054354  1342.737875   \n",
       "A15   656.455811   933.006765   752.845587   909.149220    14.387479   \n",
       "A16   533.827892  1343.792090  1415.125554   706.796540  1577.245188   \n",
       "A17  1134.991463  1033.176695  1559.286075  1046.705050  1384.883996   \n",
       "A18   661.511481  1225.012998  1033.384378  1024.323285  1802.464249   \n",
       "A19   268.045366  1842.868211   275.355865  1766.982481  1355.096394   \n",
       "\n",
       "              A5           A6           A7           A8           A9  \\\n",
       "A0    778.824882  1374.659153   969.070126   962.088390   278.131894   \n",
       "A1    916.769282  1375.102612  1087.123399  1326.606981   403.156551   \n",
       "A2   1460.192545  1582.323846  1430.490843   629.983333  1635.081776   \n",
       "A3   1628.357717  1148.039532  1138.161504   578.010799   981.583489   \n",
       "A4   1937.616023   437.799702   608.150373  1818.763050  1573.732213   \n",
       "A5      0.000000  1415.993988   622.073557  1625.192175  1053.507686   \n",
       "A6   1415.993988     0.000000   785.328135   964.618650  1514.364887   \n",
       "A7    622.073557   785.328135     0.000000   477.795032  1674.182292   \n",
       "A8   1625.192175   964.618650   477.795032     0.000000  1266.708240   \n",
       "A9   1053.507686  1514.364887  1674.182292  1266.708240     0.000000   \n",
       "A10   414.257526  1788.171089   767.296288  1785.653654  1665.673545   \n",
       "A11  1359.568934  1035.141855  1357.628439  1459.972913  1000.882685   \n",
       "A12   799.041189  1229.659708   152.141741  1121.581398   157.129235   \n",
       "A13   197.811457   590.640883   622.154924   393.242080   599.988607   \n",
       "A14   476.735396   992.174503   684.684737   796.426551   644.025029   \n",
       "A15  1593.457298  1413.456675  1462.803609  1593.928467  1179.206512   \n",
       "A16  1499.105096   694.784242   890.017017  1874.948981   848.052814   \n",
       "A17   480.641378  1253.437649  1309.398741  1061.103760   912.327407   \n",
       "A18   734.145645  1255.330263   399.236027  1586.486400   905.692547   \n",
       "A19   871.565517  1792.186672   753.114498   532.513254  1077.355122   \n",
       "\n",
       "             A10          A11          A12          A13          A14  \\\n",
       "A0    760.553140   348.403461   665.909114  1276.428305   885.562023   \n",
       "A1   1059.982443  1000.237033  1756.986127   982.714483   923.328028   \n",
       "A2   1188.472875  1806.799975  1248.320830  1020.101644    80.064691   \n",
       "A3   1609.564918   422.651454   941.746314  1438.702282   863.054354   \n",
       "A4   1435.751081   982.007804  1587.716938   483.605189  1342.737875   \n",
       "A5    414.257526  1359.568934   799.041189   197.811457   476.735396   \n",
       "A6   1788.171089  1035.141855  1229.659708   590.640883   992.174503   \n",
       "A7    767.296288  1357.628439   152.141741   622.154924   684.684737   \n",
       "A8   1785.653654  1459.972913  1121.581398   393.242080   796.426551   \n",
       "A9   1665.673545  1000.882685   157.129235   599.988607   644.025029   \n",
       "A10     0.000000   987.713946   942.993472  1072.514284  1412.495692   \n",
       "A11   987.713946     0.000000   513.268882  1033.620930  1342.103736   \n",
       "A12   942.993472   513.268882     0.000000  1130.600478  1183.396259   \n",
       "A13  1072.514284  1033.620930  1130.600478     0.000000  1562.879304   \n",
       "A14  1412.495692  1342.103736  1183.396259  1562.879304     0.000000   \n",
       "A15  1847.285615  1514.575827   317.245802   829.643308   267.278670   \n",
       "A16   342.017035   962.568961   398.430455  1146.330200  1110.084949   \n",
       "A17  1180.871397  1379.365128  1812.126765   898.212510   495.407107   \n",
       "A18  1474.826666  1300.455963   873.049481  1018.260361   976.539179   \n",
       "A19  1020.284362   787.949387   658.670775   737.946046   757.158356   \n",
       "\n",
       "             A15          A16          A17          A18          A19  \n",
       "A0    656.455811   533.827892  1134.991463   661.511481   268.045366  \n",
       "A1    933.006765  1343.792090  1033.176695  1225.012998  1842.868211  \n",
       "A2    752.845587  1415.125554  1559.286075  1033.384378   275.355865  \n",
       "A3    909.149220   706.796540  1046.705050  1024.323285  1766.982481  \n",
       "A4     14.387479  1577.245188  1384.883996  1802.464249  1355.096394  \n",
       "A5   1593.457298  1499.105096   480.641378   734.145645   871.565517  \n",
       "A6   1413.456675   694.784242  1253.437649  1255.330263  1792.186672  \n",
       "A7   1462.803609   890.017017  1309.398741   399.236027   753.114498  \n",
       "A8   1593.928467  1874.948981  1061.103760  1586.486400   532.513254  \n",
       "A9   1179.206512   848.052814   912.327407   905.692547  1077.355122  \n",
       "A10  1847.285615   342.017035  1180.871397  1474.826666  1020.284362  \n",
       "A11  1514.575827   962.568961  1379.365128  1300.455963   787.949387  \n",
       "A12   317.245802   398.430455  1812.126765   873.049481   658.670775  \n",
       "A13   829.643308  1146.330200   898.212510  1018.260361   737.946046  \n",
       "A14   267.278670  1110.084949   495.407107   976.539179   757.158356  \n",
       "A15     0.000000  1581.136426  1554.866941  1047.177172   490.257291  \n",
       "A16  1581.136426     0.000000   498.529854   769.873625  1701.854787  \n",
       "A17  1554.866941   498.529854     0.000000   752.492046  1464.192208  \n",
       "A18  1047.177172   769.873625   752.492046     0.000000   946.268001  \n",
       "A19   490.257291  1701.854787  1464.192208   946.268001     0.000000  "
      ]
     },
     "execution_count": 5,
     "metadata": {},
     "output_type": "execute_result"
    }
   ],
   "source": [
    "import pandas as pd\n",
    "from itertools import combinations\n",
    "import numpy as np\n",
    "\n",
    "recommended_tour = np.array(['A2', 'A3', 'A4', 'A5', 'A12', 'A18'])\n",
    "index = np.array(['A0', 'A1', 'A2', 'A3', 'A4', 'A5', 'A6', 'A7', 'A8', 'A9', 'A10', 'A11', 'A12', 'A13', 'A14', 'A15', 'A16', 'A17', 'A18', 'A19'])\n",
    "\n",
    "data = np.random.rand(20, 20)*1000\n",
    "df_dist = pd.DataFrame(data = data, index = index, columns = index)\n",
    "df_dist = df_dist+df_dist.T\n",
    "for i in df_dist.index:\n",
    "    df_dist.loc[i, i] = 0\n",
    "    \n",
    "df_dist"
   ]
  },
  {
   "cell_type": "code",
   "execution_count": 6,
   "metadata": {},
   "outputs": [
    {
     "name": "stdout",
     "output_type": "stream",
     "text": [
      "('A2', 'A3') 1192.4520074431384\n",
      "('A2', 'A4') 692.6130995523088\n",
      "('A2', 'A5') 1460.192545430638\n",
      "('A2', 'A12') 1248.3208298701318\n",
      "('A2', 'A18') 1033.384377996895\n",
      "('A3', 'A4') 1205.598137195496\n",
      "('A3', 'A5') 1628.3577171295342\n",
      "('A3', 'A12') 941.7463142017443\n",
      "('A3', 'A18') 1024.3232848425475\n",
      "('A4', 'A5') 1937.6160226870913\n",
      "('A4', 'A12') 1587.7169381494675\n",
      "('A4', 'A18') 1802.4642487426443\n",
      "('A5', 'A12') 799.0411885596174\n",
      "('A5', 'A18') 734.1456453838097\n",
      "('A12', 'A18') 873.04948140032\n"
     ]
    }
   ],
   "source": [
    "for comb in combinations(recommended_tour, 2):\n",
    "    print(comb, df_dist.loc[comb[0], comb[1]])"
   ]
  },
  {
   "cell_type": "code",
   "execution_count": 28,
   "metadata": {},
   "outputs": [
    {
     "name": "stdout",
     "output_type": "stream",
     "text": [
      "{'A2': 0, 'A3': 0, 'A4': 0, 'A5': 0, 'A12': 0}\n"
     ]
    }
   ],
   "source": [
    "# [TODO] Dijkstra\n",
    "a=[]\n",
    "for comb in combinations(recommended_tour, 2):\n",
    "    if comb[0] not in a:\n",
    "        a.append(comb[0])\n",
    "    else:\n",
    "        pass\n",
    "\n",
    "dijk = {string:0 for string in a}\n",
    "\n",
    "print(dijk)"
   ]
  },
  {
   "cell_type": "code",
   "execution_count": 31,
   "metadata": {},
   "outputs": [
    {
     "name": "stdout",
     "output_type": "stream",
     "text": [
      "A2\n",
      "A2\n",
      "A2\n",
      "A2\n",
      "A2\n",
      "A3\n",
      "A3\n",
      "A3\n",
      "A3\n",
      "A4\n",
      "A4\n",
      "A4\n",
      "A5\n",
      "A5\n",
      "A12\n"
     ]
    }
   ],
   "source": [
    "cnt = 0\n",
    "for comb in combinations(recommended_tour, 2):\n",
    "    cnt = cnt +1\n",
    "    if comb[0] in dijk.keys():\n",
    "        print(comb[0])\n",
    "    else:\n",
    "        pass\n"
   ]
  },
  {
   "cell_type": "code",
   "execution_count": 32,
   "metadata": {},
   "outputs": [
    {
     "name": "stdout",
     "output_type": "stream",
     "text": [
      "15\n"
     ]
    }
   ],
   "source": [
    "print(cnt)"
   ]
  },
  {
   "cell_type": "code",
   "execution_count": null,
   "metadata": {},
   "outputs": [],
   "source": []
  }
 ],
 "metadata": {
  "kernelspec": {
   "display_name": "Python 3.9.13 64-bit",
   "language": "python",
   "name": "python3"
  },
  "language_info": {
   "codemirror_mode": {
    "name": "ipython",
    "version": 3
   },
   "file_extension": ".py",
   "mimetype": "text/x-python",
   "name": "python",
   "nbconvert_exporter": "python",
   "pygments_lexer": "ipython3",
   "version": "3.9.13"
  },
  "orig_nbformat": 4,
  "vscode": {
   "interpreter": {
    "hash": "aee8b7b246df8f9039afb4144a1f6fd8d2ca17a180786b69acc140d282b71a49"
   }
  }
 },
 "nbformat": 4,
 "nbformat_minor": 2
}
